1
12431.549186569091
12962.39546001672
12612.710790513667
2
11258.56296068115
10307.79083729862
10183.918829803455
3
11046.337316890074
12144.16610949619
10577.98041999861
4
11077.682095680044
11236.973597062117
10781.820156028416
5
11060.809844704721
11721.42238457262
11702.039567324871
10
11095.855048795736
11768.565404182482
11531.048382795581
15
11793.952924449319
10966.188728181638
11192.922700083811
20
12138.523799708846
11044.97422420473
12235.115386511487
25
12057.155860416657
11874.775665393641
11995.553329868964
50
11476.487901993409
11645.632376976171
12879.585524812746
100
12416.43712921756
13157.894901951926
11657.47884518278
