1
12797.182651500003
11128.254208000597
14203.579638649739
2
11832.346059471143
12733.512783714526
12744.891413130383
3
12557.658799307768
11959.533968973275
12459.85004822569
4
14493.787094442674
11931.73199892719
13268.46576215231
5
12687.515234350823
11270.071916333869
12057.049108245481
10
12080.164776020772
12316.311158062788
13046.729225460567
15
12748.924930749236
11983.25254699943
12364.818609112383
20
12820.429429415477
13220.478846718177
11810.0305337837
25
11957.123505909767
11935.608841818204
12143.456578650455
50
12546.220077534448
11283.206242814002
11547.790677351903
100
11957.691428507567
11771.160748218865
12654.796559472357
