1
13011.74825450773
12592.14128403272
11696.780299966926
2
12793.441643288454
12817.991659802276
12582.618070041884
3
12481.6932067431
11844.916157118965
11552.169661915583
4
11767.78748635608
12028.526131699316
12345.16898263578
5
12873.555428732294
12102.51710647885
11407.087655782218
10
11302.456276353645
12380.579166028594
11836.508630909831
15
13048.567891251647
12454.697613604652
13066.83735608439
20
11968.94099442991
13046.547416470044
11933.869417536225
25
12331.82204488893
12786.280346161771
12749.527930811011
50
11843.440499947847
11700.481135555117
11946.903310242978
100
13275.277458193345
11828.11103021979
12855.212919796948
