1
9912.419697258736
10129.923150514918
10179.68832898135
2
12505.594908916135
11802.519939579079
11840.746334151567
3
12904.658958030162
13563.32004198439
11698.391908445661
4
12832.30633371907
12612.179066009838
11816.979357227709
5
12240.237017315383
12257.258699422016
11934.054135137421
10
12243.89519378165
12817.310879830866
12889.39658763669
15
12900.498537065238
11997.882530077919
13748.521256053058
20
13806.22105232251
12039.160890546298
12706.826943258344
25
12762.23984748251
12022.078204686355
13957.201417235436
50
12511.609836932503
13000.625745374078
13720.320834658434
100
12057.250829846116
12857.339307322272
12772.266470218232
