1
13403.782136386286
12144.811017678192
11589.980306751335
2
12137.07944696663
11123.849007744491
11955.080657881963
3
11753.666169072949
11761.21297379195
12979.617659442612
4
11667.157074560859
12817.597597678356
11517.278564926986
5
11581.459278492592
11927.23356522737
12749.434919368861
10
11363.532056465454
11643.238175682896
12209.196077761295
15
13112.249035394192
12777.889042221921
11824.79506301815
20
11452.506751274006
11087.955160746515
12910.521121239044
25
11878.943925705848
13461.012620983074
13025.228977735864
50
12109.065614541927
11841.229709248018
11992.36295672609
100
11490.531737457804
12217.694565209476
12487.499263874484
