1
10699.889396570998
9921.352135448196
9872.522350674446
2
11985.185167405243
12130.69848439152
13352.796313494566
3
12399.67383594156
13816.705986851428
12913.662933613929
4
14037.867633105252
11573.114265431466
11828.283815596602
5
11775.991835005661
13975.57217723233
12396.505987397622
10
12243.845155134097
12813.79140610689
12500.924685450473
15
12153.115138624134
12033.706165653964
12549.996621859982
20
13370.118363830337
12827.027260442199
12015.284717831722
25
12306.427673641701
12269.928456348343
12390.386702114272
50
12287.620331731156
12082.271482156233
13803.544838292695
100
12656.19262089424
13126.559213610222
11710.421866268076
