1
3470.5848787597592
3628.727423125998
3772.5323211710934
2
9324.79089660459
9398.392744841196
9361.559357581988
3
9743.228099384502
10396.719891667784
10453.286864355878
4
9869.195808724095
10010.108665529184
9842.313351381117
5
10045.79198287022
9768.321705044336
9854.131828860092
10
9903.993948281286
10388.985560604413
10502.549901399872
15
9961.353982858687
9674.383931261034
10183.351625942929
20
9977.571360156036
10280.271255959564
10215.137512478175
25
9983.845623324572
9890.895343188013
10524.983455844897
50
10395.789123243434
10615.763291204918
9844.363306441126
100
10657.650856066992
10339.553033354203
10613.216773537606
