1
12612.001581648072
13227.1620932091
13164.829039118742
2
12475.151887498823
11106.72417594424
12469.893366057544
3
13300.044831284004
12614.816890286236
12042.936359273615
4
12687.312596656611
12994.365055337608
11129.158936433068
5
12059.49725834522
11731.169062478464
12318.765153567507
10
12141.776959507184
12371.549763208473
11944.367997929565
15
12591.20003150874
11909.00724182113
12557.353516094552
20
12193.3084810204
12161.419339476928
12206.359954772806
25
11725.247654840885
12230.791904164198
13920.854823243182
50
12079.187185493032
12351.147654718274
13281.427425141434
100
12230.142111882235
11402.467658785252
11797.55158635753
