1
12937.708738070116
11765.44576895697
11188.26619997675
2
13245.159930187845
11999.152510418966
12531.212228333809
3
11403.325756136048
13264.260449955365
11320.014504977693
4
11437.57996385943
11148.842419902809
12410.947402110052
5
11360.983468068876
12562.217254539217
12318.18774000957
10
12714.56085167924
11321.223866778773
12506.516693170768
15
13336.966762706643
13470.782307959074
11813.729521818044
20
11232.00906636474
11580.264021926803
11656.064418626585
25
12416.124706877548
13354.01984491484
11786.102410490703
50
13397.044214260257
11951.417277225657
11867.035459323408
100
11973.90642679252
13266.388368934484
12142.823063693031
