1
3765.6711357232844
3664.188675860289
3371.190435065041
2
9193.508897483585
9523.682368931704
9056.868694336901
3
9869.70997533222
9956.571698998334
9831.4103310273
4
9872.459144068518
9786.141410926786
9866.903379905789
5
9683.909980612343
9755.385052074722
10027.017914213962
10
9451.27708279647
9883.282044843756
9840.544525095816
15
10380.734476048749
9906.575528998535
10097.19227401707
20
10150.813603524502
10195.56168854656
9810.30160444578
25
10277.760230126729
10368.8091645521
9756.383501453209
50
9942.08739025563
10344.290449385164
10305.503855684263
100
10436.168371515396
10607.768967498827
10282.354463993284
