1
12480.711942955437
12346.81739250231
12461.103467494891
2
11098.757706647382
11443.405384820597
11418.212945616277
3
10928.013424901746
11503.22420726068
11249.802726986272
4
11530.528504182634
11569.275269159238
12048.83001815352
5
11473.84383003616
11460.931712225442
12481.281666278526
10
14275.34622863431
12431.083470305408
11953.80091062323
15
13680.343104491329
14041.427981365958
12331.271684736521
20
11737.319800145337
13886.523870310195
11949.087018032867
25
13047.964686815238
12172.209244439193
11979.86819672637
50
12012.286813830668
12261.762940645265
12068.683036108643
100
11651.093648391923
11529.79821731561
11901.479688790634
