1
12008.513344430907
13005.472817307125
12809.7942072775
2
12244.257628766887
12163.570710319023
12272.40780999921
3
14686.411467036052
13008.71346945652
12827.327751169101
4
11498.349500584525
12363.709853427848
11954.226099764666
5
12582.963841811028
11959.372331861816
13212.407926996184
10
12063.330598908144
12347.665753778894
12098.337063623929
15
12113.824031068292
12880.587793760682
11671.138609296242
20
12791.718642599972
11577.623053842975
11545.371701267515
25
13338.52334104202
12109.88091774118
11699.244870431468
50
12021.181655550412
11606.08236389631
12870.76722379077
100
11867.629778291734
11594.729175990753
11811.223803033028
