1
12948.129797661393
12552.773794341689
13279.9716005246
2
11436.68115317018
11969.324223380143
11266.143207711779
3
11885.423077925772
11322.30022663475
11256.994115171261
4
12317.099629010241
11363.30916326212
12185.605688202655
5
13100.505641617134
11974.262625593603
11660.968108257097
10
12607.080277174555
12871.777601133568
12900.34617418351
15
11521.928150793692
12834.872090521825
13018.699693154666
20
12851.90730358889
13385.48165380479
13273.299582228334
25
12066.444292712218
13109.613807642332
13074.236581020103
50
12105.994180192369
13026.973384412098
13019.569347338485
100
12046.76817310244
13561.347490259106
12080.414591437962
