1
1527.5909623226055
1502.8164192485408
1541.470776126396
2
4609.957498700975
4996.015269784448
5234.7271741626
3
5393.126019142075
5535.929113144025
5099.008418078854
4
5511.044533712048
5261.975313765506
5502.849899668827
5
5524.986938054448
5462.408602776781
5639.740502533034
10
5624.45980469547
5665.293182525893
5518.117637846375
15
5296.092890524512
5447.99425988764
5393.100777326857
20
5633.49771818242
5533.269000441099
5389.587398521129
25
5273.705865525168
5377.756140666468
5453.992600168045
50
5332.3313243572065
5566.895738750635
5736.731712531845
100
5459.385015305996
5602.20291396551
5479.052932959332
