1
12480.425243981474
12768.036268579586
13044.658201543836
2
11688.341292663603
12680.474301226204
12289.26925108984
3
12764.153016799195
12479.594188489149
12112.700363447086
4
12105.479863788876
11860.746714777351
12300.060786166185
5
13751.422336291085
13088.232696778738
12007.453127806439
10
12277.250212362886
12445.158777619114
11962.845422090415
15
12743.145845032946
13004.208295823119
12025.9636474071
20
12251.029885264014
12423.606577577046
10926.533635211003
25
11850.115995016644
11604.327851566559
12262.228244980744
50
12898.330878912333
12006.63162304955
11879.043510060146
100
11041.009613195183
11680.429674985664
11831.906131998056
