1
12666.421208369935
12501.950121132553
12416.640763535495
2
11338.258729718314
11026.700136611806
13423.007287134184
3
12082.064050001487
11491.428328136994
12715.668667152539
4
11723.498874804567
12672.457868340107
12061.002972531316
5
11846.594277566317
11643.362936903986
13788.359615118969
10
12476.853010062088
12599.50151165036
13696.886936964533
15
12232.387790267027
13514.149036018687
12257.215715452148
20
12499.559686197368
12173.109385251451
13268.035961173593
25
12540.76874662696
12206.242018790546
12490.588068106354
50
12401.421169637135
11608.084131864034
13531.329370625219
100
13576.603426636531
11831.258650310889
12040.432020956297
