1
1508.1253298380539
1435.9068460472972
1599.5813839673397
2
5172.294218035886
4946.85010153871
5197.3419294822625
3
5631.725742106011
5273.987162934097
5314.885807171266
4
5518.301606188281
5565.3986058532555
5648.218467705494
5
5413.916308675777
5656.740422661941
5508.724141146557
10
5404.26848026647
5428.40819985883
5420.444968960057
15
5465.925279935696
5465.1674899004665
5636.163908729895
20
5443.114068215366
5442.987065057175
5357.427834201542
25
5582.675400032125
5495.099863384477
5641.679157314205
50
5464.922535060788
5520.85635991437
5520.505969163957
100
5528.977930589491
5612.591955734124
5503.601999953759
