1
11921.316600057276
13029.331017507058
12455.66665326359
2
10986.465414656623
10373.593959276232
10481.061864019453
3
11190.16881790118
10624.183011668176
10723.617339113678
4
10639.649226499787
10505.439314195317
11653.674992614873
5
11766.42340680877
12395.58862513805
11817.934943855917
10
12204.184189633108
11482.603255314782
11659.460785965273
15
12475.914811799563
13252.887333850098
11241.785835969093
20
11499.804731346854
11628.0560386212
11158.63756152968
25
12177.933128888186
12106.043098430582
13186.602301596418
50
12630.441868403828
12423.142928059398
11373.401683770546
100
12968.961408664778
11896.755671623876
12544.016016895452
