1
1.1012623310089111
1.109023094177246
1.093933343887329
2
2.0317723751068115
2.0343141555786133
2.061938762664795
3
2.0250625610351562
2.026306390762329
2.0237202644348145
4
2.0215234756469727
2.0214688777923584
2.021672487258911
5
2.028068780899048
2.028719186782837
2.0517578125
10
2.0283241271972656
2.0281622409820557
2.0321238040924072
15
2.0536298751831055
2.042187452316284
2.0540990829467773
20
2.054856300354004
2.0325839519500732
2.0594232082366943
25
2.054063558578491
2.048144578933716
2.0351502895355225
50
2.058264970779419
2.0533273220062256
2.057431697845459
100
2.049669027328491
2.0949931144714355
2.050532817840576
