1
1.0924372673034668
1.101585865020752
1.089526653289795
2
2.0324461460113525
2.0331246852874756
2.031151056289673
3
3.025989055633545
3.0270748138427734
3.026301145553589
4
4.02308988571167
4.024403810501099
4.0259246826171875
5
5.023362398147583
5.024552822113037
5.024615287780762
10
10.028093099594116
10.028884172439575
10.029878377914429
15
15.03706979751587
15.036501169204712
15.034189462661743
20
20.040599584579468
20.044650554656982
20.04402732849121
25
25.05030393600464
25.047865867614746
25.053963899612427
50
50.08746099472046
50.08432149887085
50.08098220825195
100
64.10669350624084
64.1183557510376
64.10736918449402
