1
1.1015713214874268
1.0970416069030762
1.078585147857666
2
2.0342977046966553
2.0315840244293213
2.066236972808838
3
3.0266077518463135
3.0274696350097656
3.0268232822418213
4
4.026256799697876
4.023490905761719
4.026315212249756
5
5.022423028945923
5.022488355636597
5.023183345794678
10
10.02988076210022
10.028685569763184
10.026352167129517
15
15.03283953666687
15.03827977180481
15.03521203994751
20
20.040822744369507
20.043699741363525
20.044148921966553
25
25.05450749397278
25.050101041793823
25.04854393005371
50
50.086392641067505
50.093688011169434
50.083144187927246
100
64.10769724845886
64.11106634140015
64.09990406036377
