1
13633.245598022497
14142.00020688847
11330.748287381843
2
11563.695934886278
12133.530441180104
12117.1101706378
3
13240.67761596181
12127.219830204627
11558.936132439823
4
12364.392141085118
11520.270498538866
12828.805303314106
5
12615.078684534546
11861.272646629941
13021.70437223107
10
12108.46434633264
11650.518877166933
12222.07645896218
15
13029.125408947893
12238.410534190953
11598.71209979324
20
11341.669279694497
12724.874002842957
12036.030865561483
25
12335.897253247143
12473.565481859
12806.096652459057
50
13158.967377663728
12322.933832639423
12404.678845321081
100
12688.95537653546
12457.174512484278
12228.49048098217
