1
1772.1628820253159
1432.6345791757863
1740.424500014855
2
5240.489288786455
4953.515090934347
5088.665572703086
3
5158.44477054013
5527.123810749711
5562.915797485389
4
5431.800605152491
5347.5720926437325
5457.42558921872
5
5604.84105574296
5564.656247512405
5597.935795342556
10
5613.952882138262
5596.720479445926
5614.0792723352815
15
5411.82388264775
5345.517817598306
5274.6667240793195
20
5545.971648731187
5426.3639504616385
5415.288712867033
25
5621.899919151841
5449.477031040747
5393.97924823976
50
5612.9658517669895
5524.180961896451
5586.349581417754
100
5556.979073090998
5497.020592254879
5536.983085703091
