1
12496.760582222218
10728.830231969454
12449.829547056737
2
11223.001192966187
13326.107975717105
10666.617838765183
3
12926.038341139347
10598.875973887516
12439.589026242367
4
12494.903646370643
11267.391330744189
11571.54337198916
5
11459.235209136648
12401.601577071344
12781.347532988662
10
12890.567566756867
11932.158335149295
11738.817096233131
15
12434.970175430066
11617.336818023261
11528.334752419607
20
13444.052498906027
13455.448018865776
13491.65395495864
25
13621.45770340552
12303.499285163942
11981.009106049554
50
12957.181749701951
14063.496678921654
13819.54667132864
100
12258.058256217986
13104.92465745635
-1