1
11720.236055383015
12591.03750014034
12846.287878718269
2
10751.299354409992
10714.196308064615
10691.896012966388
3
10922.961359061666
10768.017741860287
10848.080463438619
4
11633.509868434374
12469.633114328853
11320.554683168899
5
11232.285794625283
12145.994113471272
12022.239473678477
10
12283.908642693676
12063.825378631123
11457.193057848512
15
12640.348479455799
13240.086611795525
12520.472653287508
20
12773.766376279964
13013.333200954863
11264.904437615565
25
12628.468188713328
12546.256105387134
12240.970764119756
50
13761.833203183956
13808.934674777067
12660.734241592165
100
12708.44474636007
12655.247114562359
13034.189800469532
