1
12855.651065173182
13569.173538056639
13362.458024724554
2
12584.752645921992
14264.00937751532
13312.17504730177
3
12088.101288295307
13565.59063386175
11930.103647849775
4
11883.138680059737
13549.834125093701
12521.122265001779
5
13261.4547551896
12734.93090783578
12902.154128285489
10
12017.229750831031
12680.532572790324
12480.166037853522
15
13363.778704472692
12040.9781572277
11579.038964148107
20
13812.780117466644
11886.384376902455
12981.067028269748
25
13372.316197859718
12320.428233390394
12523.05654845985
50
11737.782942202073
12170.83668002247
13206.084685987798
100
11060.014768822364
11807.634746342586
12866.45653591012
