1
11571.91753799226
13888.429359640804
13858.457450713691
2
12185.471868097324
12174.787789729658
11844.046505042448
3
12436.221543679254
12729.76717686854
13147.286899461891
4
12336.702748367565
11635.962048983794
12308.39082066014
5
12990.642274110684
13861.875137154535
11973.563921636334
10
11961.029831053145
13498.543009664694
12617.787564829188
15
13792.826763536987
12415.696897555841
11836.408422329016
20
12777.364318886981
12202.659556393031
12133.807742208426
25
11616.99574578449
11521.277438512867
11898.665891408742
50
12035.102535429245
11272.436273694051
11354.517403286096
100
11881.224691553865
11583.192167081927
11883.113766646273
