1
12297.896924704795
11949.287866654018
13793.029966983971
2
12191.17209187792
12088.991122585245
12543.844947541578
3
12384.620113515684
12192.320290259675
13202.46652296726
4
12688.670546363473
12804.115385230629
12979.669072754963
5
11818.166039227832
13655.057106492804
13046.192741193992
10
11945.832849866916
11344.679895757685
13725.354809393379
15
13498.669862686575
11712.989663267856
11216.886775206027
20
11849.714248776918
13094.163123839828
11728.788761760097
25
11760.106944728643
11283.569886426214
11609.051857756522
50
11070.73310919671
11366.896219412352
13465.753458961355
100
11785.681148666014
11281.27246542651
12999.116409280708
