1
11680.843446157163
12270.899112024603
12640.631144305884
2
11175.937270498884
10931.460799140808
10779.66597588254
3
11421.659331900419
10682.163323074377
10131.145100187927
4
10793.259976737245
10710.83042858654
10803.149510573467
5
11507.882026035011
11223.777827479222
11284.123592499081
10
12508.947842303245
11836.02096511381
12240.859303242652
15
12724.406895703953
12406.033473985985
12409.576279485771
20
12087.060411152741
12463.817728837414
11757.686542052072
25
12382.696916518626
12220.221923423745
12564.746894120233
50
11966.54380878381
12442.466662153609
12188.86713418075
100
12557.433219147015
13039.912421913872
