1
3613.0680142714973
3624.2285743990433
3506.8102603336133
2
8885.617930445102
9207.28719987001
9254.337176245233
3
9644.12537594762
9687.542353941897
10356.993570338693
4
9875.779980555966
9748.741494758187
9486.134398152017
5
9782.846804538987
9674.814173530427
9749.105408920226
10
9697.702398391213
9800.976549556679
9772.86151432958
15
9841.440404636433
9471.308081172576
9565.769270663186
20
9872.643189085498
10067.028493386124
9684.626398165661
25
9730.630928839955
9926.441266162372
9947.67767970752
50
10225.806201519015
10511.358837745503
9691.557684596351
100
10456.45056905494
9910.33006379153
10219.877619866042
