1
11895.847351207463
12652.022152766831
12547.284487588871
2
11986.140065356021
13256.958055230793
12609.338399230339
3
12967.111432527618
12684.135715616765
13666.36976887067
4
11957.656656185896
13159.421519371937
12019.33178275896
5
12765.110205072428
12408.306039898362
12662.403020691052
10
12639.157007030708
13060.092247264118
11306.360372229947
15
13647.685892478346
12154.587966439078
11298.484264916622
20
13484.217889424697
12234.342372711682
13106.187547011994
25
12454.216848366083
12480.86346794073
13695.501389793457
50
11753.958658769312
12357.068045859842
12010.984471959333
100
11060.486083942425
12973.594678601095
13055.110923360226
