1
13528.278665180147
12524.58151699254
11235.055633066642
2
11151.76160335926
11606.481249087861
11476.55761498409
3
11625.22954283897
10590.381318002414
13634.568048922252
4
13879.641980166985
11844.059883337972
11919.056320137312
5
11902.880668619839
13676.390873571745
12868.658503075429
10
11839.325854304649
11986.777890415982
11725.3709018969
15
11928.536805087957
11680.423169383714
14401.65396192237
20
11858.042658944778
12119.744568745497
12541.93724019753
25
13763.873546669505
13983.228276692362
12786.223437357197
50
11770.888543377576
12698.610308380687
12536.232585792844
100
12735.60992530684
12278.525390993216
11860.535416006263
