1
13749.041341032938
12976.974439379026
13274.36406669185
2
12550.409701978399
12714.442141082975
11688.315886474717
3
13933.706541796395
13151.542892777292
11782.937060359605
4
13674.560952562037
13359.092366109171
12305.291097030778
5
12030.205616706422
11630.107316981193
12216.900976873458
10
11653.594045217224
12794.810698419738
12361.739951774436
15
12102.394184439123
12660.792331871038
11908.33844667694
20
11714.058711500014
11133.721433350262
13836.503050605734
25
13452.264887393076
11763.503517632815
12238.280551087704
50
12293.869842620561
12067.253172070816
11476.622304372659
100
11308.644851245748
11841.965879089023
12594.098330018689
