1
10225.051354365183
9854.036446109187
9585.136281663565
2
11994.763638493388
11967.96151537766
11584.367551251587
3
12054.881893425438
12494.652027117805
11126.74212813523
4
11910.106961137531
12278.30110137219
12587.192400647764
5
11942.70219103943
13285.7774562336
10
12121.465038465956
13303.636507810641
12456.573692637166
15
13251.318859291367
11597.960964103953
13222.02752441248
20
12222.535906706556
13821.176950373048
12763.04062119917
25
12784.262342091208
11932.195674963692
13804.227197030035
50
12939.165526885106
11821.652213484806
12101.415087807089
100
13116.160797104572
12152.933437117386
