1
12330.906255332275
13196.306409491792
12835.260931061222
2
12139.54264042485
13020.098794092222
11269.591654421658
3
13379.64041935657
12803.379016776644
12367.685821036575
4
12115.811600017008
12285.285959580297
12529.670672783794
5
11424.331681455846
12424.09970313471
13059.262711402122
10
11869.820878311006
12043.636266738766
12477.534479854527
15
13528.004649116283
12866.658621242044
12779.296821561602
20
13418.436439963567
12971.480213246317
12665.268414475866
25
12917.40059635014
12145.907589142009
12025.516790235139
50
11533.619935206323
12456.536698235392
13525.771046899421
100
12253.606853903244
13217.695806411662
12022.685398070811
