1
3547.6065456632004
3727.425206644709
3509.221438346528
2
9106.026675902007
9380.635745405902
9372.764800073797
3
10376.171545414527
9798.940959375283
9561.003488852277
4
10108.828083711418
9712.848430708273
9651.588192485202
5
9854.522639606426
9641.475291659925
10095.53817256949
10
9678.079727567727
9828.710690350095
9770.777494382093
15
9546.336959995644
10513.73125632088
9880.856904559914
20
9963.286737954668
9991.219131478678
9945.600040671094
25
9721.16554121158
10221.241924914653
9955.184977143423
50
9906.154374690868
9936.125812463415
10510.677663536948
100
10339.648361079908
10292.863503650782
10213.198333435928
