1
12935.644252018665
12796.465819834304
14151.021822708442
2
10535.321312048269
11223.533353206341
11652.747079092525
3
12674.727216970647
11987.035506032295
11958.841074415723
4
13044.306874405056
12957.212170864635
10942.308680660362
5
12537.916676904924
12576.908035641945
12261.10196808287
10
13848.934201330683
13459.803960643741
12131.522317606497
15
12248.141390192362
12531.443606705157
12550.426225748748
20
12053.197590178914
12219.610278039205
12247.866707081113
25
13501.769814020645
11638.24862658364
13476.200261998958
50
12051.392561893235
11852.598051522114
12522.633302786373
100
12752.043629867292
12951.853046092718
12732.356248942082
