1
10198.730002430593
9401.50678598826
9963.13527070993
2
12465.284588508994
11542.941667015719
11981.834638441636
3
12354.701391956394
11607.388959599473
14101.34101631495
4
12419.134906799283
12551.987167136838
12776.224712203955
5
12017.193254150145
11949.062508154915
12284.18782304062
10
12266.850942709652
13031.363167586034
12711.649998054294
15
12736.190008967522
12479.424129112987
13190.880472426988
20
12662.951222308897
12266.82152430737
13538.56840500174
25
13199.735092901903
12245.24424688944
13548.839671538426
50
13575.428404159307
14101.523069280327
12341.789955958833
100
12244.975413439408
12214.076923538372
13166.094408933863
