1
1653.2427357861347
1801.8858027446652
1503.2876101320292
2
4773.072119625047
4862.363807456188
4784.326141372043
3
5512.75629534403
5529.261899673977
5257.433364167019
4
5421.146263144099
5204.863804890673
5246.463990713656
5
5486.8559295047935
5107.27333818826
5257.393033468891
10
5484.419454297189
5252.814911482833
5465.662878474934
15
5244.623050470824
5470.723602450123
5644.968419134986
20
5465.879265262883
5232.725112011375
5327.9876767521355
25
5479.9297031112455
5660.776952131437
5482.371075715912
50
5602.290163492204
5589.1950487425365
5504.548193734819
100
5485.554054425203
5783.013297402016
5578.362141344228
