1
1.100306749343872
1.1045820713043213
1.0982036590576172
2
2.032808780670166
2.034848213195801
2.059202194213867
3
3.0260143280029297
3.027214288711548
3.025419235229492
4
7.031661033630371
7.030999183654785
7.0314555168151855
5
5.022461891174316
5.023345470428467
5.023833513259888
10
20.045501947402954
20.04656410217285
20.043688535690308
15
28.057550191879272
28.057411432266235
28.063568830490112
20
30.064433336257935
30.06344223022461
30.05628776550293
25
34.06988072395325
34.06690335273743
34.06564903259277
50
50.09221005439758
50.08984422683716
50.0845410823822
100
64.10687375068665
64.10459542274475
64.10535264015198
